1.601766106648988170e+04
1.702607318675993520e+04
1.809341266359328074e+04
1.922197971833871634e+04
2.041387309229700986e+04
2.167094540548699661e+04
2.299481270612987282e+04
2.438684951041555905e+04
2.584809223424818265e+04
2.737912800829574917e+04
2.898005551019146878e+04
3.065045435710402307e+04
3.238925041909091306e+04
3.419461474313704093e+04
3.606391392248789634e+04
3.799357646184896294e+04
3.997900869856086501e+04
4.201447941340487159e+04
4.409305421118452068e+04
4.620635050916314503e+04
4.834453302054040250e+04
5.049616564522990666e+04
5.264790022509791743e+04
5.478474427748147718e+04
5.688969972089820658e+04
5.894360292585710704e+04
6.092530666331449174e+04
6.281139548716337595e+04
6.457618959535511385e+04
6.619195418477315980e+04
6.762901189646353305e+04
6.885588522506642039e+04
6.984008097706882108e+04
7.054821190951428434e+04
7.094737488158309134e+04
7.100622837175116001e+04
7.069655522727798962e+04
6.999528459075995488e+04
6.888676590000970464e+04
6.736544574703222315e+04
6.543874448395363288e+04
6.312953322075457982e+04
6.047833370632468723e+04
5.754448984607055900e+04
5.440640263701476215e+04
5.115730097095579549e+04
4.790237627230342332e+04
4.474897916544292821e+04
4.179836239127855515e+04
3.913270644505671225e+04
3.680256149765046575e+04
3.481479533223257022e+04
3.312187600563831074e+04
3.161737780081778328e+04
3.014348015423415200e+04
2.851784022253976946e+04
2.658592343847651500e+04
2.428806824847977987e+04
2.171351637944944378e+04
1.909996489001427835e+04
1.675527761878852834e+04
1.492524887264866811e+04
1.367032356362859173e+04
1.281092355694963226e+04
1.198426739811029438e+04
1.086133904812045694e+04
9.433639584069680495e+03
8.049410771966548054e+03
7.068064151283584579e+03
6.485072749691284116e+03
5.947247629368342132e+03
5.185612947189090846e+03
4.411666343657804646e+03
3.895521196705962666e+03
3.519739473741622987e+03
3.056223010531124146e+03
2.624342089206043511e+03
2.326301036389522324e+03
2.025001407541016988e+03
1.745532065742036139e+03
1.527673511370259121e+03
1.317028240390618976e+03
1.141852895734737558e+03
9.852360554360261631e+02
8.502862938685702829e+02
7.318193437465821489e+02
6.296129118209070157e+02
5.405291770228042196e+02
4.636853898031476433e+02
3.971549243401761942e+02
3.398061814755710657e+02
2.903778598720467130e+02
2.478535153421363191e+02
2.113226247916441594e+02
1.799851180660419061e+02
1.531412978467599260e+02
1.301756255520430443e+02
1.105428158025547845e+02
9.377102002449038309e+01
7.945874358123782599e+01
